"","extension_nm","force_f","retraction_nm","force_r"
"1",4714.508788,57.6856513599996,4715.560613,-220.26045564
"2",4714.626117,55.65684736,4715.6795,-240.548492639999
"3",4714.743459,59.7144543599998,4715.798401,-244.60610064
"4",4714.860813,63.7720623599998,4715.917316,-226.34686664
"5",4716.505141,53.6280433600004,4717.583602,-354.16150364
"6",4716.62269,53.6280433600004,4717.702727,-611.81958664
"7",4716.740253,55.65684736,4717.821867,-883.67930664
"8",4716.857828,51.5992403600003,4717.941021,-1151.48142864
"9",4716.975416,51.5992403600003,4718.060188,-1407.11073664
"10",4717.093018,55.65684736,4718.17937,-1638.39440464
"11",4717.210632,57.6856513599996,4718.298566,-1839.24601764
"12",4717.32826,59.7144543599998,4718.417776,-1995.46394264
"13",4717.4459,59.7144543599998,4718.537,-2113.13459064
"14",4717.563553,63.7720623599998,4718.656238,-2196.31556664
"15",4717.68122,63.7720623599998,4718.77549,-2249.06447864
"16",4717.798899,63.7720623599998,4718.894756,-2275.43893564
"17",4717.916591,67.8296693600005,4719.014036,-2279.49654364
"18",4718.034297,67.8296693600005,4719.13333,-2275.43893564
"19",4718.152015,65.80086536,4719.252638,-2267.32371764
"20",4718.269746,69.8584733600001,4719.37196,-2249.06447864
"21",4718.387491,69.8584733600001,4719.491296,-2236.89165264
"22",4718.505248,71.8872763600002,4719.610646,-2220.66121864
"23",4718.623019,67.8296693600005,4719.73001,-2212.54600064
"24",4718.740802,71.8872763600002,4719.849389,-2194.28676264
"25",4718.858599,67.8296693600005,4719.968781,-2180.08513164
"26",4718.976408,67.8296693600005,4720.088187,-2167.91230664
"27",4719.094231,69.8584733600001,4720.207607,-2153.71067564
"28",4719.212066,65.80086536,4720.327042,-2137.48024164
"29",4719.329915,69.8584733600001,4720.44649,-2127.33622064
"30",4719.447776,67.8296693600005,4720.565952,-2111.10578564
"31",4719.565651,63.7720623599998,4720.685429,-2098.93296064
"32",4719.683539,63.7720623599998,4720.804919,-2080.67372164
"33",4719.801439,63.7720623599998,4720.924424,-2062.41448364
"34",4719.919353,65.80086536,4721.043942,-2044.15524464
"35",4720.03728,61.7432583600003,4721.163474,-2011.69437664
"36",4720.15522,63.7720623599998,4721.283021,-1989.37752964
"37",4720.273172,59.7144543599998,4721.402582,-1965.03187864
"38",4720.391138,57.6856513599996,4721.522156,-1932.57101164
"39",4720.509117,57.6856513599996,4721.641745,-1908.22536064
"40",4720.627109,57.6856513599996,4721.761347,-1869.67808064
"41",4720.745114,59.7144543599998,4721.880964,-1841.27482164
"42",4720.863132,61.7432583600003,4722.000594,-1812.87156264
"43",4720.981163,61.7432583600003,4722.120239,-1788.52591264
"44",4721.099207,65.80086536,4722.239898,-1762.15145864
"45",4721.217265,69.8584733600001,4722.35957,-1739.83461264
"46",4721.335335,69.8584733600001,4722.479257,-1717.51776664
"47",4721.453418,75.9448843600003,4722.598958,-1695.20092064
"48",4721.571514,77.9736873600004,4722.718673,-1680.99929164
"49",4721.689624,80.00249136,4722.838401,-1658.68244564
"50",4721.807746,84.0600983599998,4722.958144,-1648.53842564
"51",4721.925882,84.0600983599998,4723.077901,-1628.25038364
"52",4722.04403,82.0312953600005,4723.197672,-1612.01995064
"53",4722.162192,77.9736873600004,4723.317457,-1597.81832164
"54",4722.280367,82.0312953600005,4723.437255,-1579.55908464
"55",4722.398554,75.9448843600003,4723.557068,-1563.32865164
"56",4722.516755,71.8872763600002,4723.676895,-1543.04061064
"57",4722.634969,69.8584733600001,4723.796736,-1528.83898164
"58",4722.753196,65.80086536,4723.916591,-1506.52213664
"59",4722.871436,63.7720623599998,4724.03646,-1490.29170364
"60",4722.989689,59.7144543599998,4724.156343,-1470.00366364
"61",4723.107955,61.7432583600003,4724.27624,-1459.85964264
"62",4723.226235,61.7432583600003,4724.396151,-1439.57160164
"63",4723.344527,63.7720623599998,4724.516076,-1429.42758164
"64",4723.462832,65.80086536,4724.636014,-1415.22595264
"65",4723.581151,71.8872763600002,4724.755967,-1398.99552064
"66",4723.699482,71.8872763600002,4724.875934,-1390.88030464
"67",4723.817827,77.9736873600004,4724.995915,-1382.76508764
"68",4723.936185,77.9736873600004,4725.11591,-1376.67867564
"69",4724.054556,80.00249136,4725.23592,-1372.62106764
"70",4724.17294,82.0312953600005,4725.355943,-1362.47704764
"71",4724.291337,84.0600983599998,4725.47598,-1356.39063564
"72",4724.409747,77.9736873600004,4725.596031,-1350.30422264
"73",4724.52817,77.9736873600004,4725.716096,-1344.21781064
"74",4724.646606,75.9448843600003,4725.836175,-1336.10259464
"75",4724.765056,73.9160803599998,4725.956268,-1330.01618264
"76",4724.883518,69.8584733600001,4726.076375,-1319.87216264
"77",4725.001994,67.8296693600005,4726.196496,-1313.78575064
"78",4725.120482,63.7720623599998,4726.316631,-1297.55531764
"79",4725.238984,63.7720623599998,4726.43678,-1285.38249364
"80",4725.357499,61.7432583600003,4726.556943,-1275.23847364
"81",4725.476027,67.8296693600005,4726.67712,-1263.06564964
"82",4725.594568,69.8584733600001,4726.797312,-1252.92162964
"83",4725.713122,73.9160803599998,4726.917517,-1240.74880464
"84",4725.831689,82.0312953600005,4727.037736,-1232.63358864
"85",4725.95027,88.1177063599998,4727.157969,-1226.54717664
"86",4726.068863,90.14650936,4727.278216,-1212.34554864
"87",4726.18747,96.2329203600002,4727.398477,-1206.25913664
"88",4726.30609,94.2041173600001,4727.518752,-1202.20152864
"89",4726.424722,100.29052736,4727.639042,-1192.05750864
"90",4726.543368,98.2617243599998,4727.759345,-1187.99990064
"91",4726.662027,100.29052736,4727.879662,-1181.91348864
"92",4726.7807,94.2041173600001,4727.999993,-1167.71186064
"93",4726.899385,90.14650936,4728.120338,-1163.65425264
"94",4727.018083,90.14650936,4728.240697,-1163.65425264
"95",4727.136795,82.0312953600005,4728.361071,-1151.48142864
"96",4727.25552,80.00249136,4728.481458,-1147.42382064
"97",4727.374258,71.8872763600002,4728.601859,-1143.36621264
"98",4727.493009,73.9160803599998,4728.722274,-1137.27980064
"99",4727.611773,67.8296693600005,4728.842703,-1133.22219264
"100",4727.73055,71.8872763600002,4728.963146,-1131.19338864
"101",4727.84934,65.80086536,4729.083603,-1129.16458464
"102",4727.968144,65.80086536,4729.204075,-1125.10697664
"103",4728.08696,67.8296693600005,4729.32456,-1121.04936864
"104",4728.20579,71.8872763600002,4729.445059,-1119.02056464
"105",4728.324633,77.9736873600004,4729.565572,-1119.02056464
"106",4728.443489,77.9736873600004,4729.686099,-1112.93415264
"107",4728.562358,77.9736873600004,4729.80664,-1106.84774064
"108",4728.681241,82.0312953600005,4729.927195,-1102.79013264
"109",4728.800136,86.0889023600002,4730.047765,-1096.70372164
"110",4728.919045,86.0889023600002,4730.168348,-1094.67491764
"111",4729.037967,88.1177063599998,4730.288945,-1082.50209364
"112",4729.156901,88.1177063599998,4730.409556,-1078.44448564
"113",4729.27585,86.0889023600002,4730.530181,-1072.35807364
"114",4729.394811,84.0600983599998,4730.65082,-1070.32926964
"115",4729.513785,82.0312953600005,4730.771473,-1062.21405364
"116",4729.632773,75.9448843600003,4730.89214,-1062.21405364
"117",4729.751773,77.9736873600004,4731.012821,-1060.18524964
"118",4729.870787,80.00249136,4731.133516,-1058.15644564
"119",4729.989814,77.9736873600004,4731.254225,-1060.18524964
"120",4730.108854,75.9448843600003,4731.374949,-1056.12764164
"121",4730.227908,80.00249136,4731.495686,-1060.18524964
"122",4730.346974,77.9736873600004,4731.616437,-1060.18524964
"123",4730.466054,77.9736873600004,4731.737202,-1062.21405364
"124",4730.585147,84.0600983599998,4731.857981,-1062.21405364
"125",4730.704253,84.0600983599998,4731.978774,-1060.18524964
"126",4730.823372,88.1177063599998,4732.099581,-1058.15644564
"127",4730.942504,86.0889023600002,4732.220402,-1054.09883764
"128",4731.06165,90.14650936,4732.341237,-1050.04122964
"129",4731.180809,92.1753133600005,4732.462086,-1048.01242564
"130",4731.299981,92.1753133600005,4732.582948,-1041.92601364
"131",4731.419166,92.1753133600005,4732.703825,-1035.83960164
"132",4731.538364,94.2041173600001,4732.824716,-1031.78199464
"133",4731.657575,98.2617243599998,4732.945621,-1019.60917064
"134",4731.7768,100.29052736,4733.06654,-1013.52275864
"135",4731.896038,102.31933136,4733.187473,-1005.40754264
"136",4732.015289,98.2617243599998,4733.30842,-999.32113064
"137",4732.134553,98.2617243599998,4733.429381,-997.29232664
"138",4732.25383,100.29052736,4733.550356,-987.14830764
"139",4732.373121,98.2617243599998,4733.671344,-987.14830764
"140",4732.492425,96.2329203600002,4733.792347,-979.03309164
"141",4732.611742,92.1753133600005,4733.913364,-979.03309164
"142",4732.731072,90.14650936,4734.034395,-979.03309164
"143",4732.850415,84.0600983599998,4734.155439,-972.94667964
"144",4732.969772,80.00249136,4734.276498,-977.00428764
"145",4733.089141,75.9448843600003,4734.397571,-974.97548364
"146",4733.208524,80.00249136,4734.518658,-970.91787564
"147",4733.32792,77.9736873600004,4734.639758,-974.97548364
"148",4733.44733,77.9736873600004,4734.760873,-968.88907164
"149",4733.566752,75.9448843600003,4734.882002,-966.86026764
"150",4733.686188,77.9736873600004,4735.003144,-966.86026764
"151",4733.805637,82.0312953600005,4735.124301,-960.77385564
"152",4733.925099,82.0312953600005,4735.245471,-958.74505164
"153",4734.044575,86.0889023600002,4735.366656,-954.68744364
"154",4734.164063,92.1753133600005,4735.487854,-952.65864064
"155",4734.283565,90.14650936,4735.609067,-940.48581664
"156",4734.40308,90.14650936,4735.730293,-938.45701264
"157",4734.522608,98.2617243599998,4735.851534,-936.42820864
"158",4734.64215,94.2041173600001,4735.972788,-930.34179664
"159",4734.761705,96.2329203600002,4736.094057,-920.19777764
"160",4734.881273,94.2041173600001,4736.215339,-918.16897364
"161",4735.000854,92.1753133600005,4736.336635,-912.08256164
"162",4735.120448,94.2041173600001,4736.457946,-897.88093364
"163",4735.240056,88.1177063599998,4736.57927,-897.88093364
"164",4735.359677,96.2329203600002,4736.700608,-887.73691464
"165",4735.479311,92.1753133600005,4736.821961,-879.62169864
"166",4735.598958,92.1753133600005,4736.943327,-873.53528664
"167",4735.718618,96.2329203600002,4737.064707,-867.44887564
"168",4735.838292,96.2329203600002,4737.186101,-855.27605164
"169",4735.957979,98.2617243599998,4737.30751,-847.16083664
"170",4736.077679,100.29052736,4737.428932,-839.04562064
"171",4736.197393,104.34813536,4737.550368,-828.90160064
"172",4736.31712,104.34813536,4737.671818,-818.75758164
"173",4736.43686,102.31933136,4737.793282,-808.61356164
"174",4736.556613,110.43454636,4737.91476,-798.46954264
"175",4736.676379,112.46334936,4738.036252,-786.29671964
"176",4736.796159,110.43454636,4738.157758,-776.15269964
"177",4736.915952,116.52095736,4738.279278,-766.00868064
"178",4737.035758,120.57856436,4738.400812,-755.86466064
"179",4737.155577,116.52095736,4738.52236,-747.74944564
"180",4737.27541,122.60736836,4738.643921,-743.69183764
"181",4737.395256,122.60736836,4738.765497,-733.54781864
"182",4737.515115,118.54976036,4738.887087,-733.54781864
"183",4737.634988,118.54976036,4739.008691,-729.49021064
"184",4737.754873,120.57856436,4739.130309,-733.54781864
"185",4737.874772,124.63617136,4739.25194,-731.51901464
"186",4737.994685,122.60736836,4739.373586,-733.54781864
"187",4738.11461,122.60736836,4739.495245,-729.49021064
"188",4738.234549,124.63617136,4739.616919,-729.49021064
"189",4738.354501,122.60736836,4739.738607,-723.40379864
"190",4738.474466,116.52095736,4739.860308,-723.40379864
"191",4738.594445,120.57856436,4739.982024,-715.28858364
"192",4738.714437,116.52095736,4740.103753,-711.23097564
"193",4738.834442,114.49215336,4740.225496,-699.05815264
"194",4738.95446,108.40574236,4740.347254,-688.91413364
"195",4739.074492,110.43454636,4740.469025,-678.77011364
"196",4739.194537,108.40574236,4740.59081,-668.62609464
"197",4739.314595,100.29052736,4740.71261,-652.39566364
"198",4739.434667,102.31933136,4740.834423,-644.28044864
"199",4739.554751,100.29052736,4740.95625,-634.13642964
"200",4739.674849,100.29052736,4741.078091,-619.93480264
"201",4739.794961,102.31933136,4741.199946,-617.90599864
"202",4739.915085,98.2617243599998,4741.321815,-607.76197964
"203",4740.035223,100.29052736,4741.443698,-607.76197964
"204",4740.155375,100.29052736,4741.565595,-597.61795964
"205",4740.275539,106.37693836,4741.687506,-597.61795964
"206",4740.395717,106.37693836,4741.809431,-595.58915564
"207",4740.515908,106.37693836,4741.93137,-593.56035264
"208",4740.636112,106.37693836,4742.053323,-591.53154864
"209",4740.75633,104.34813536,4742.17529,-583.41633264
"210",4740.876561,106.37693836,4742.297271,-577.32992164
"211",4740.996805,108.40574236,4742.419265,-571.24350964
"212",4741.117063,112.46334936,4742.541274,-567.18590264
"213",4741.237334,112.46334936,4742.663297,-552.98427564
"214",4741.357618,118.54976036,4742.785333,-546.89786464
"215",4741.477915,116.52095736,4742.907384,-532.69623764
"216",4741.598226,114.49215336,4743.029448,-526.60982564
"217",4741.71855,116.52095736,4743.151527,-516.46580664
"218",4741.838888,118.54976036,4743.273619,-500.23537664
"219",4741.959239,120.57856436,4743.395725,-492.12016164
"220",4742.079603,118.54976036,4743.517846,-481.97614264
"221",4742.19998,116.52095736,4743.63998,-475.88973064
"222",4742.320371,118.54976036,4743.762128,-465.74571164
"223",4742.440775,120.57856436,4743.88429,-459.65930064
"224",4742.561192,118.54976036,4744.006466,-453.57288864
"225",4742.681623,122.60736836,4744.128656,-445.45767364
"226",4742.802067,124.63617136,4744.25086,-433.28485064
"227",4742.922524,126.66497536,4744.373078,-427.19843964
"228",4743.042994,126.66497536,4744.49531,-423.14083164
"229",4743.163478,126.66497536,4744.617556,-421.11202864
"230",4743.283976,128.69377936,4744.739816,-406.91040164
"231",4743.404486,126.66497536,4744.86209,-404.88159764
"232",4743.52501,130.72258236,4744.984378,-400.82399064
"233",4743.645547,130.72258236,4745.106679,-398.79518664
"234",4743.766098,126.66497536,4745.228995,-388.65116764
"235",4743.886662,124.63617136,4745.351324,-384.59355964
"236",4744.007239,124.63617136,4745.473668,-384.59355964
"237",4744.12783,122.60736836,4745.596025,-378.50714864
"238",4744.248434,116.52095736,4745.718397,-370.39193364
"239",4744.369051,116.52095736,4745.840782,-362.27671864
"240",4744.489682,112.46334936,4745.963181,-352.13269964
"241",4744.610326,116.52095736,4746.085595,-346.04628864
"242",4744.730983,114.49215336,4746.208022,-329.81585864
"243",4744.851654,114.49215336,4746.330463,-313.58542864
"244",4744.972338,116.52095736,4746.452918,-307.49901664
"245",4745.093035,118.54976036,4746.575387,-295.32619464
"246",4745.213746,116.52095736,4746.69787,-281.12456764
"247",4745.33447,120.57856436,4746.820367,-273.00935264
"248",4745.455207,122.60736836,4746.942878,-258.80772664
"249",4745.575958,124.63617136,4747.065403,-254.75011964
"250",4745.696722,126.66497536,4747.187942,-248.66370764
"251",4745.8175,130.72258236,4747.310494,-242.57729664
"252",4745.93829,128.69377936,4747.433061,-240.548492639999
"253",4746.059095,132.75138636,4747.555641,-240.548492639999
"254",4746.179912,130.72258236,4747.678236,-234.46208164
"255",4746.300743,132.75138636,4747.800844,-232.43327864
"256",4746.421588,132.75138636,4747.923467,-232.43327864
"257",4746.542445,130.72258236,4748.046103,-230.40447464
"258",4746.663316,126.66497536,4748.168753,-224.31806364
"259",4746.784201,132.75138636,4748.291418,-220.26045564
"260",4746.905099,134.78018936,4748.414096,-216.20284864
"261",4747.02601,132.75138636,4748.536788,-214.17404464
"262",4747.146934,132.75138636,4748.659494,-212.14524064
"263",4747.267872,130.72258236,4748.782214,-208.08763364
