0.000000E+0	-2.358811E+1
9.765625E+1	-6.624570E+1
1.953125E+2	-6.783563E+1
2.929687E+2	-6.735007E+1
3.906250E+2	-6.705439E+1
4.882812E+2	-6.716936E+1
5.859375E+2	-6.700421E+1
6.835937E+2	-6.645898E+1
7.812500E+2	-6.673610E+1
8.789062E+2	-6.649857E+1
9.765625E+2	-6.605623E+1
1.074219E+3	-6.637085E+1
1.171875E+3	-6.561734E+1
1.269531E+3	-6.538365E+1
1.367187E+3	-6.515680E+1
1.464844E+3	-6.525289E+1
1.562500E+3	-6.461137E+1
1.660156E+3	-6.481261E+1
1.757812E+3	-6.445330E+1
1.855469E+3	-6.441747E+1
1.953125E+3	-6.400036E+1
2.050781E+3	-6.344517E+1
2.148437E+3	-6.300159E+1
2.246094E+3	-6.362065E+1
2.343750E+3	-6.275077E+1
2.441406E+3	-6.220280E+1
2.539062E+3	-6.248727E+1
2.636719E+3	-6.175670E+1
2.734375E+3	-6.135581E+1
2.832031E+3	-6.071238E+1
2.929687E+3	-6.052739E+1
3.027344E+3	-6.062249E+1
3.125000E+3	-5.955031E+1
3.222656E+3	-5.952119E+1
3.320312E+3	-5.926446E+1
3.417969E+3	-5.868119E+1
3.515625E+3	-5.863828E+1
3.613281E+3	-5.884132E+1
3.710937E+3	-5.769524E+1
3.808594E+3	-5.797827E+1
3.906250E+3	-5.767309E+1
4.003906E+3	-5.714588E+1
4.101562E+3	-5.771237E+1
4.199219E+3	-5.801299E+1
4.296875E+3	-5.763707E+1
4.394531E+3	-5.790014E+1
4.492187E+3	-5.810935E+1
4.589844E+3	-5.855146E+1
4.687500E+3	-5.872385E+1
4.785156E+3	-5.939740E+1
4.882812E+3	-5.988372E+1
4.980469E+3	-5.974678E+1
5.078125E+3	-6.076915E+1
5.175781E+3	-6.102280E+1
5.273437E+3	-6.165906E+1
5.371094E+3	-6.133895E+1
5.468750E+3	-6.257799E+1
5.566406E+3	-6.243461E+1
5.664062E+3	-6.322460E+1
5.761719E+3	-6.336545E+1
5.859375E+3	-6.345053E+1
5.957031E+3	-6.478763E+1
6.054687E+3	-6.469226E+1
6.152344E+3	-6.504737E+1
6.250000E+3	-6.525745E+1
6.347656E+3	-6.521633E+1
6.445312E+3	-6.619782E+1
6.542969E+3	-6.603885E+1
6.640625E+3	-6.627239E+1
6.738281E+3	-6.691874E+1
6.835937E+3	-6.741894E+1
6.933594E+3	-6.733899E+1
7.031250E+3	-6.737160E+1
7.128906E+3	-6.738954E+1
7.226562E+3	-6.798075E+1
7.324219E+3	-6.784433E+1
7.421875E+3	-6.860671E+1
7.519531E+3	-6.852303E+1
7.617187E+3	-6.865326E+1
7.714844E+3	-6.892181E+1
7.812500E+3	-6.877575E+1
7.910156E+3	-6.903681E+1
8.007812E+3	-6.874515E+1
8.105469E+3	-6.925454E+1
8.203125E+3	-6.595408E+1
8.300781E+3	-6.722787E+1
8.398437E+3	-6.957260E+1
8.496094E+3	-6.949848E+1
8.593750E+3	-6.944147E+1
8.691406E+3	-6.991238E+1
8.789062E+3	-7.091363E+1
8.886719E+3	-7.042870E+1
8.984375E+3	-6.953634E+1
9.082031E+3	-6.963753E+1
9.179687E+3	-7.060975E+1
9.277344E+3	-7.109811E+1
9.375000E+3	-7.071886E+1
9.472656E+3	-6.985071E+1
9.570312E+3	-6.945967E+1
9.667969E+3	-6.988371E+1
9.765625E+3	-7.098504E+1
9.863281E+3	-7.086628E+1
9.960937E+3	-7.042416E+1
1.005859E+4	-6.903508E+1
1.015625E+4	-6.912772E+1
1.025391E+4	-7.098345E+1
1.035156E+4	-7.174318E+1
1.044922E+4	-7.100304E+1
1.054687E+4	-6.941957E+1
1.064453E+4	-6.862426E+1
1.074219E+4	-6.991659E+1
1.083984E+4	-7.141427E+1
1.093750E+4	-7.134230E+1
1.103516E+4	-7.181580E+1
1.113281E+4	-7.227135E+1
1.123047E+4	-7.086208E+1
1.132812E+4	-7.200754E+1
1.142578E+4	-7.249446E+1
1.152344E+4	-7.213500E+1
1.162109E+4	-7.256580E+1
1.171875E+4	-7.122579E+1
1.181641E+4	-7.199229E+1
1.191406E+4	-7.245841E+1
1.201172E+4	-7.225581E+1
1.210937E+4	-7.267401E+1
1.220703E+4	-7.219256E+1
1.230469E+4	-7.254613E+1
1.240234E+4	-7.274130E+1
1.250000E+4	-7.226104E+1
1.259766E+4	-7.258073E+1
1.269531E+4	-7.250885E+1
1.279297E+4	-7.230963E+1
1.289062E+4	-7.220116E+1
1.298828E+4	-7.133985E+1
1.308594E+4	-7.259016E+1
1.318359E+4	-7.240554E+1
1.328125E+4	-7.207634E+1
1.337891E+4	-7.260902E+1
1.347656E+4	-7.297276E+1
1.357422E+4	-7.212500E+1
1.367187E+4	-7.261718E+1
1.376953E+4	-7.299700E+1
1.386719E+4	-7.238040E+1
1.396484E+4	-7.243048E+1
1.406250E+4	-7.155228E+1
1.416016E+4	-7.204690E+1
1.425781E+4	-7.238327E+1
1.435547E+4	-7.220749E+1
1.445312E+4	-7.208412E+1
1.455078E+4	-7.209182E+1
1.464844E+4	-7.246498E+1
1.474609E+4	-7.214685E+1
1.484375E+4	-7.262036E+1
1.494141E+4	-7.225325E+1
1.503906E+4	-7.240168E+1
1.513672E+4	-7.277227E+1
1.523437E+4	-7.185848E+1
1.533203E+4	-7.225676E+1
1.542969E+4	-7.223448E+1
1.552734E+4	-7.175628E+1
1.562500E+4	-7.173777E+1
1.572266E+4	-7.203409E+1
1.582031E+4	-7.208391E+1
1.591797E+4	-7.186119E+1
1.601562E+4	-7.201701E+1
1.611328E+4	-7.261179E+1
1.621094E+4	-7.210276E+1
1.630859E+4	-7.224796E+1
1.640625E+4	-7.167821E+1
1.650391E+4	-7.218204E+1
1.660156E+4	-7.258790E+1
1.669922E+4	-7.217865E+1
1.679687E+4	-7.212958E+1
1.689453E+4	-7.182840E+1
1.699219E+4	-7.172224E+1
1.708984E+4	-7.216338E+1
1.718750E+4	-7.205797E+1
1.728516E+4	-7.163396E+1
1.738281E+4	-7.217276E+1
1.748047E+4	-7.209724E+1
1.757812E+4	-7.116322E+1
1.767578E+4	-7.122866E+1
1.777344E+4	-7.196255E+1
1.787109E+4	-7.181594E+1
1.796875E+4	-7.149714E+1
1.806641E+4	-7.238411E+1
1.816406E+4	-7.181063E+1
1.826172E+4	-7.175644E+1
1.835937E+4	-7.201790E+1
1.845703E+4	-7.126890E+1
1.855469E+4	-7.171491E+1
1.865234E+4	-7.228258E+1
1.875000E+4	-7.099746E+1
1.884766E+4	-7.076936E+1
1.894531E+4	-7.154923E+1
1.904297E+4	-7.164197E+1
1.914062E+4	-7.177776E+1
1.923828E+4	-7.149256E+1
1.933594E+4	-7.138168E+1
1.943359E+4	-7.166678E+1
1.953125E+4	-7.111879E+1
1.962891E+4	-7.133433E+1
1.972656E+4	-7.151001E+1
1.982422E+4	-7.111849E+1
1.992187E+4	-6.952117E+1
2.001953E+4	-6.971778E+1
2.011719E+4	-7.071626E+1
2.021484E+4	-7.090049E+1
2.031250E+4	-7.122867E+1
2.041016E+4	-7.154422E+1
2.050781E+4	-7.156994E+1
2.060547E+4	-7.134039E+1
2.070312E+4	-7.175416E+1
2.080078E+4	-7.125337E+1
2.089844E+4	-7.083500E+1
2.099609E+4	-7.094140E+1
2.109375E+4	-6.777818E+1
2.119141E+4	-6.690997E+1
2.128906E+4	-6.858299E+1
2.138672E+4	-7.063633E+1
2.148437E+4	-7.124729E+1
2.158203E+4	-7.109728E+1
2.167969E+4	-7.112973E+1
2.177734E+4	-7.070758E+1
2.187500E+4	-7.097365E+1
2.197266E+4	-7.065498E+1
2.207031E+4	-7.090424E+1
2.216797E+4	-6.987590E+1
2.226562E+4	-6.679182E+1
2.236328E+4	-6.620696E+1
2.246094E+4	-6.734188E+1
2.255859E+4	-6.949863E+1
2.265625E+4	-7.015228E+1
2.275391E+4	-7.091379E+1
2.285156E+4	-7.078711E+1
2.294922E+4	-7.086677E+1
2.304687E+4	-7.030161E+1
2.314453E+4	-7.055585E+1
2.324219E+4	-7.000327E+1
2.333984E+4	-6.846843E+1
2.343750E+4	-6.498565E+1
2.353516E+4	-6.403674E+1
2.363281E+4	-6.530375E+1
2.373047E+4	-6.789114E+1
2.382812E+4	-6.952015E+1
2.392578E+4	-7.043346E+1
2.402344E+4	-7.060416E+1
2.412109E+4	-6.995119E+1
2.421875E+4	-7.006416E+1
2.431641E+4	-7.006171E+1
2.441406E+4	-6.907990E+1
2.451172E+4	-6.859038E+1
2.460937E+4	-6.694283E+1
2.470703E+4	-6.623821E+1
2.480469E+4	-6.718892E+1
2.490234E+4	-6.873477E+1
2.500000E+4	-6.908602E+1
2.509766E+4	-6.963471E+1
2.519531E+4	-6.977444E+1
2.529297E+4	-6.986310E+1
2.539062E+4	-6.990452E+1
2.548828E+4	-6.981277E+1
2.558594E+4	-6.923399E+1
2.568359E+4	-6.907912E+1
2.578125E+4	-6.871833E+1
2.587891E+4	-6.843181E+1
2.597656E+4	-6.876840E+1
2.607422E+4	-6.905201E+1
2.617187E+4	-6.883465E+1
2.626953E+4	-6.878753E+1
2.636719E+4	-6.891751E+1
2.646484E+4	-6.886924E+1
2.656250E+4	-6.877288E+1
2.666016E+4	-6.850977E+1
2.675781E+4	-6.876415E+1
2.685547E+4	-6.833704E+1
2.695312E+4	-6.832372E+1
2.705078E+4	-6.848238E+1
2.714844E+4	-6.792724E+1
2.724609E+4	-6.845869E+1
2.734375E+4	-6.859224E+1
2.744141E+4	-6.798035E+1
2.753906E+4	-6.762997E+1
2.763672E+4	-6.816892E+1
2.773437E+4	-6.802419E+1
2.783203E+4	-6.817530E+1
2.792969E+4	-6.720284E+1
2.802734E+4	-6.807702E+1
2.812500E+4	-6.726743E+1
2.822266E+4	-6.741127E+1
2.832031E+4	-6.785523E+1
2.841797E+4	-6.744063E+1
2.851562E+4	-6.762028E+1
2.861328E+4	-6.753836E+1
2.871094E+4	-6.788583E+1
2.880859E+4	-6.709334E+1
2.890625E+4	-6.664758E+1
2.900391E+4	-6.676012E+1
2.910156E+4	-6.702064E+1
2.919922E+4	-6.713937E+1
2.929687E+4	-6.762154E+1
2.939453E+4	-6.720503E+1
2.949219E+4	-6.692222E+1
2.958984E+4	-6.746929E+1
2.968750E+4	-6.741328E+1
2.978516E+4	-6.716970E+1
2.988281E+4	-6.744988E+1
2.998047E+4	-6.730053E+1
3.007812E+4	-6.742152E+1
3.017578E+4	-6.698381E+1
3.027344E+4	-6.730739E+1
3.037109E+4	-6.707241E+1
3.046875E+4	-6.702351E+1
3.056641E+4	-6.726077E+1
3.066406E+4	-6.736444E+1
3.076172E+4	-6.748370E+1
3.085937E+4	-6.740724E+1
3.095703E+4	-6.721289E+1
3.105469E+4	-6.774153E+1
3.115234E+4	-6.752417E+1
3.125000E+4	-6.755248E+1
3.134766E+4	-6.855501E+1
3.144531E+4	-6.746947E+1
3.154297E+4	-6.851632E+1
3.164062E+4	-6.831863E+1
3.173828E+4	-6.790061E+1
3.183594E+4	-6.869456E+1
3.193359E+4	-6.881795E+1
3.203125E+4	-6.809704E+1
3.212891E+4	-6.869572E+1
3.222656E+4	-6.881733E+1
3.232422E+4	-6.876015E+1
3.242187E+4	-6.856761E+1
3.251953E+4	-6.866915E+1
3.261719E+4	-6.924707E+1
3.271484E+4	-6.928485E+1
3.281250E+4	-6.890301E+1
3.291016E+4	-6.900316E+1
3.300781E+4	-6.936468E+1
3.310547E+4	-6.934058E+1
3.320312E+4	-6.952555E+1
3.330078E+4	-6.948034E+1
3.339844E+4	-6.971515E+1
3.349609E+4	-6.933078E+1
3.359375E+4	-6.992963E+1
3.369141E+4	-7.011409E+1
3.378906E+4	-7.006951E+1
3.388672E+4	-7.030693E+1
3.398437E+4	-6.996971E+1
3.408203E+4	-7.025438E+1
3.417969E+4	-7.049277E+1
3.427734E+4	-7.038773E+1
3.437500E+4	-7.071145E+1
3.447266E+4	-7.092618E+1
3.457031E+4	-7.078363E+1
3.466797E+4	-7.079129E+1
3.476562E+4	-7.088633E+1
3.486328E+4	-7.093452E+1
3.496094E+4	-7.123373E+1
3.505859E+4	-7.096683E+1
3.515625E+4	-7.095667E+1
3.525391E+4	-7.105520E+1
3.535156E+4	-7.063643E+1
3.544922E+4	-7.130927E+1
3.554687E+4	-7.210604E+1
3.564453E+4	-7.143321E+1
3.574219E+4	-7.167701E+1
3.583984E+4	-7.149216E+1
3.593750E+4	-7.097918E+1
3.603516E+4	-7.133777E+1
3.613281E+4	-7.197065E+1
3.623047E+4	-7.225923E+1
3.632812E+4	-7.184803E+1
3.642578E+4	-7.245610E+1
3.652344E+4	-7.205046E+1
3.662109E+4	-7.192631E+1
3.671875E+4	-7.251946E+1
3.681641E+4	-7.172070E+1
3.691406E+4	-7.238699E+1
3.701172E+4	-7.200315E+1
3.710937E+4	-7.240919E+1
3.720703E+4	-7.256533E+1
3.730469E+4	-7.235888E+1
3.740234E+4	-7.294196E+1
3.750000E+4	-7.252875E+1
3.759766E+4	-7.280148E+1
3.769531E+4	-7.270565E+1
3.779297E+4	-7.272289E+1
3.789062E+4	-7.361493E+1
3.798828E+4	-7.279579E+1
3.808594E+4	-7.301104E+1
3.818359E+4	-7.332196E+1
3.828125E+4	-7.301990E+1
3.837891E+4	-7.301927E+1
3.847656E+4	-7.275693E+1
3.857422E+4	-7.285557E+1
3.867187E+4	-7.345950E+1
3.876953E+4	-7.311838E+1
3.886719E+4	-7.344398E+1
3.896484E+4	-7.289836E+1
3.906250E+4	-7.318962E+1
3.916016E+4	-7.314980E+1
3.925781E+4	-7.366412E+1
3.935547E+4	-7.359101E+1
3.945312E+4	-7.361836E+1
3.955078E+4	-7.354852E+1
3.964844E+4	-7.393788E+1
3.974609E+4	-7.361200E+1
3.984375E+4	-7.385452E+1
3.994141E+4	-7.327933E+1
4.003906E+4	-7.336037E+1
4.013672E+4	-7.366681E+1
4.023437E+4	-7.371785E+1
4.033203E+4	-7.388775E+1
4.042969E+4	-7.391965E+1
4.052734E+4	-7.398506E+1
4.062500E+4	-7.424939E+1
4.072266E+4	-7.394367E+1
4.082031E+4	-7.402495E+1
4.091797E+4	-7.407462E+1
4.101562E+4	-7.386336E+1
4.111328E+4	-7.364486E+1
4.121094E+4	-7.416522E+1
4.130859E+4	-7.395321E+1
4.140625E+4	-7.392720E+1
4.150391E+4	-7.413257E+1
4.160156E+4	-7.409723E+1
4.169922E+4	-7.416810E+1
4.179687E+4	-7.405107E+1
4.189453E+4	-7.425519E+1
4.199219E+4	-7.430927E+1
4.208984E+4	-7.460097E+1
4.218750E+4	-7.413573E+1
4.228516E+4	-7.419434E+1
4.238281E+4	-7.408361E+1
4.248047E+4	-7.431121E+1
4.257812E+4	-7.408666E+1
4.267578E+4	-7.424286E+1
4.277344E+4	-7.420356E+1
4.287109E+4	-7.459829E+1
4.296875E+4	-7.397045E+1
4.306641E+4	-7.477057E+1
4.316406E+4	-7.480785E+1
4.326172E+4	-7.443390E+1
4.335937E+4	-7.463905E+1
4.345703E+4	-7.435233E+1
4.355469E+4	-7.467327E+1
4.365234E+4	-7.428311E+1
4.375000E+4	-7.466646E+1
4.384766E+4	-7.483267E+1
4.394531E+4	-7.427101E+1
4.404297E+4	-7.466281E+1
4.414062E+4	-7.452913E+1
4.423828E+4	-7.483211E+1
4.433594E+4	-7.451998E+1
4.443359E+4	-7.491353E+1
4.453125E+4	-7.457532E+1
4.462891E+4	-7.473942E+1
4.472656E+4	-7.505991E+1
4.482422E+4	-7.473600E+1
4.492187E+4	-7.500549E+1
4.501953E+4	-7.510280E+1
4.511719E+4	-7.435943E+1
4.521484E+4	-7.406473E+1
4.531250E+4	-7.487217E+1
4.541016E+4	-7.453198E+1
4.550781E+4	-7.471924E+1
4.560547E+4	-7.477748E+1
4.570312E+4	-7.535257E+1
4.580078E+4	-7.503973E+1
4.589844E+4	-7.430002E+1
4.599609E+4	-7.451338E+1
4.609375E+4	-7.501838E+1
4.619141E+4	-7.543771E+1
4.628906E+4	-7.451135E+1
4.638672E+4	-7.523749E+1
4.648437E+4	-7.484450E+1
4.658203E+4	-7.550423E+1
4.667969E+4	-7.503538E+1
4.677734E+4	-7.454806E+1
4.687500E+4	-7.473065E+1
4.697266E+4	-7.459454E+1
4.707031E+4	-7.510323E+1
4.716797E+4	-7.444093E+1
4.726562E+4	-7.433708E+1
4.736328E+4	-7.450302E+1
4.746094E+4	-7.485137E+1
4.755859E+4	-7.509622E+1
4.765625E+4	-7.479294E+1
4.775391E+4	-7.509014E+1
4.785156E+4	-7.490010E+1
4.794922E+4	-7.478823E+1
4.804687E+4	-7.481413E+1
4.814453E+4	-7.518072E+1
4.824219E+4	-7.485998E+1
4.833984E+4	-7.516587E+1
4.843750E+4	-7.490462E+1
4.853516E+4	-7.492580E+1
4.863281E+4	-7.482788E+1
4.873047E+4	-7.507821E+1
4.882812E+4	-7.503105E+1
4.892578E+4	-7.484236E+1
4.902344E+4	-7.524563E+1
4.912109E+4	-7.495162E+1
4.921875E+4	-7.511030E+1
4.931641E+4	-7.461238E+1
4.941406E+4	-7.468170E+1
4.951172E+4	-7.531016E+1
4.960937E+4	-7.545369E+1
4.970703E+4	-7.461362E+1
4.980469E+4	-7.471202E+1
4.990234E+4	-7.487265E+1
